					Neighbor Detail
	~~~~~~~~~~~~~~~~~~~~~~~~~~~~~~~~~~~~~~~~~~~~~~~~~~~~~~~~~~~~~~~~~~~~~~~~~~~~~~~~~~~~~~~~~~~~
	Source	Neighbor	SX-Pos		SY-Pos		Distance(d)
	~~~~~~~~~~~~~~~~~~~~~~~~~~~~~~~~~~~~~~~~~~~~~~~~~~~~~~~~~~~~~~~~~~~~~~~~~~~~~~~~~~~~~~~~~~~~~
	0		6			1194		864		176
	0		12			1194		864		248
	0		43			1194		864		148
	1		2			5		897		189
	1		7			5		897		154
	1		8			5		897		248
	2		1			192		867		189
	2		3			192		867		211
	2		7			192		867		222
	2		8			192		867		144
	2		9			192		867		247
	3		2			403		878		211
	3		4			403		878		163
	3		9			403		878		152
	4		3			566		861		163
	4		5			566		861		222
	4		9			566		861		217
	4		10			566		861		143
	4		11			566		861		243
	5		4			786		891		222
	5		6			786		891		232
	5		11			786		891		147
	5		12			786		891		243
	6		0			1018		877		176
	6		5			1018		877		232
	6		12			1018		877		140
	6		43			1018		877		212
	7		1			7		743		154
	7		2			7		743		222
	7		8			7		743		177
	7		13			7		743		150
	8		1			183		723		248
	8		2			183		723		144
	8		7			183		723		177
	8		9			183		723		213
	8		13			183		723		201
	8		14			183		723		130
	9		2			396		726		247
	9		3			396		726		152
	9		4			396		726		217
	9		8			396		726		213
	9		10			396		726		204
	9		14			396		726		227
	9		15			396		726		135
	10		4			600		722		143
	10		9			600		722		204
	10		11			600		722		181
	10		15			600		722		241
	10		16			600		722		144
	11		4			780		744		243
	11		5			780		744		147
	11		10			780		744		181
	11		12			780		744		198
	11		16			780		744		241
	11		17			780		744		151
	12		0			978		742		248
	12		5			978		742		243
	12		6			978		742		140
	12		11			978		742		198
	12		17			978		742		201
	12		18			978		742		146
	12		43			978		742		183
	13		7			28		594		150
	13		8			28		594		201
	13		14			28		594		182
	13		19			28		594		148
	13		20			28		594		202
	14		8			210		595		130
	14		9			210		595		227
	14		13			210		595		182
	14		15			210		595		187
	14		20			210		595		155
	15		9			397		591		135
	15		10			397		591		241
	15		14			397		591		187
	15		16			397		591		207
	15		21			397		591		149
	16		10			604		578		144
	16		11			604		578		241
	16		15			604		578		207
	16		17			604		578		230
	16		21			604		578		228
	16		22			604		578		141
	16		23			604		578		238
	17		11			833		602		151
	17		12			833		602		201
	17		16			833		602		230
	17		18			833		602		181
	17		23			833		602		139
	17		24			833		602		225
	18		12			1014		600		146
	18		17			1014		600		181
	18		23			1014		600		242
	18		24			1014		600		140
	18		43			1014		600		188
	18		44			1014		600		160
	18		45			1014		600		219
	19		13			1		448		148
	19		20			1		448		165
	19		25			1		448		137
	19		26			1		448		240
	20		13			166		446		202
	20		14			166		446		155
	20		19			166		446		165
	20		25			166		446		199
	20		26			166		446		137
	21		15			420		443		149
	21		16			420		443		228
	21		22			420		443		193
	21		27			420		443		132
	21		28			420		443		222
	22		16			613		437		141
	22		21			613		437		193
	22		23			613		437		201
	22		28			613		437		133
	22		29			613		437		191
	23		16			813		464		238
	23		17			813		464		139
	23		18			813		464		242
	23		22			813		464		201
	23		24			813		464		195
	23		29			813		464		142
	23		30			813		464		220
	24		17			1008		460		225
	24		18			1008		460		140
	24		23			1008		460		195
	24		30			1008		460		139
	24		44			1008		460		205
	24		45			1008		460		160
	24		46			1008		460		208
	25		19			18		312		137
	25		20			18		312		199
	25		26			18		312		182
	25		31			18		312		145
	25		32			18		312		224
	26		19			200		313		240
	26		20			200		313		137
	26		25			200		313		182
	26		27			200		313		189
	26		31			200		313		242
	26		32			200		313		141
	27		21			389		314		132
	27		26			389		314		189
	27		28			389		314		205
	27		32			389		314		242
	27		33			389		314		132
	28		21			594		305		222
	28		22			594		305		133
	28		27			594		305		205
	28		29			594		305		177
	28		33			594		305		213
	28		34			594		305		140
	29		22			770		328		191
	29		23			770		328		142
	29		28			770		328		177
	29		30			770		328		212
	29		34			770		328		221
	29		35			770		328		151
	30		23			982		323		220
	30		24			982		323		139
	30		29			982		323		212
	30		35			982		323		199
	30		36			982		323		149
	30		45			982		323		221
	30		46			982		323		165
	31		25			6		167		145
	31		26			6		167		242
	31		32			6		167		187
	31		37			6		167		129
	31		38			6		167		245
	32		25			193		172		224
	32		26			193		172		141
	32		27			193		172		242
	32		31			193		172		187
	32		33			193		172		225
	32		37			193		172		209
	32		38			193		172		145
	33		27			418		185		132
	33		28			418		185		213
	33		32			418		185		225
	33		34			418		185		200
	33		39			418		185		148
	33		40			418		185		248
	34		28			618		167		140
	34		29			618		167		221
	34		33			618		167		200
	34		35			618		167		216
	34		39			618		167		246
	34		40			618		167		148
	34		41			618		167		231
	35		29			833		190		151
	35		30			833		190		199
	35		34			833		190		216
	35		36			833		190		182
	35		41			833		190		149
	35		42			833		190		226
	36		30			1015		177		149
	36		35			1015		177		182
	36		41			1015		177		242
	36		42			1015		177		154
	36		46			1015		177		183
	36		47			1015		177		170
	36		48			1015		177		227
	37		31			30		40		129
	37		32			30		40		209
	37		38			30		40		178
	38		31			208		27		245
	38		32			208		27		145
	38		37			208		27		178
	38		39			208		27		201
	39		33			409		37		148
	39		34			409		37		246
	39		38			409		37		201
	39		40			409		37		194
	40		33			603		19		248
	40		34			603		19		148
	40		39			603		19		194
	40		41			603		19		211
	41		34			813		42		231
	41		35			813		42		149
	41		36			813		42		242
	41		40			813		42		211
	41		42			813		42		175
	42		35			988		25		226
	42		36			988		25		154
	42		41			988		25		175
	42		47			988		25		239
	42		48			988		25		192
	43		0			1160		719		148
	43		6			1160		719		212
	43		12			1160		719		183
	43		18			1160		719		188
	43		44			1160		719		137
	44		18			1173		582		160
	44		24			1173		582		205
	44		43			1173		582		137
	44		45			1173		582		138
	45		18			1168		444		219
	45		24			1168		444		160
	45		30			1168		444		221
	45		44			1168		444		138
	45		46			1168		444		140
	46		24			1147		305		208
	46		30			1147		305		165
	46		36			1147		305		183
	46		45			1147		305		140
	46		47			1147		305		147
	47		36			1185		162		170
	47		42			1185		162		239
	47		46			1185		162		147
	47		48			1185		162		142
	48		36			1180		20		227
	48		42			1180		20		192
	48		47			1180		20		142
