----------------------------------------------
Node	Queue_Lemgth	Mobility
----------------------------------------------
0	  133		 8
1	  120		 11
2	  288		 36
3	  468		 1
4	  190		 43
5	  371		 24
6	  269		 12
7	  480		 27
8	  247		 41
9	  363		 33
10	  287		 47
11	  415		 30
12	  198		 26
13	  459		 6
14	  325		 14
15	  245		 40
16	  467		 23
17	  202		 39
18	  199		 46
19	  484		 10
20	  267		 15
21	  459		 35
22	  227		 25
23	  317		 42
24	  288		 48
25	  464		 38
26	  183		 31
27	  344		 34
28	  396		 44
29	  141		 29
30	  303		 45
31	  330		 0
32	  398		 19
33	  82		 16
34	  353		 4
35	  129		 5
36	  493		 20
37	  364		 21
38	  283		 22
39	  342		 3
40	  493		 28
41	  98		 9
42	  267		 13
43	  202		 18
44	  150		 2
45	  193		 37
46	  135		 7
47	  126		 32
48	  82		 17
